
Color options:
	 0.00,0.28,0.73 (blue)
	 1.0, 0.0, 0.0 (red)
	 1.00,0.93,0.00 
	 rgb(0.13,1.00,0.00)
	 rgb(0.40,0.50,1.00)
	 rgb(0.95,0.61,0.73)
	 rgb(0.23,0.48,0.34)
	 rgb(1.00,0.57,0.01)
	 rgb(1.00,0.00,1.00)
	 rgb(0.40,1.00,0.40)
	 rgb(0.70,1.00,1.00)
	 rgb(1.00,0.85,0.70)
	 rgb(0.47,0.00,0.70)
	 rgb(1.00,0.40,0.40)
	 rgb(1.00,0.55,0.10)
	 rgb(1.00,0.70,0.70)





	// // Face 0: (left side)  
    //  0.0,	 0.0, sq2, 1.0,			1.0, 	1.0,	1.0,	// Node 0
    //  c30, -0.5, 0.0, 1.0, 		0.0,  0.0,  1.0, 	// Node 1
    //  0.0,  1.0, 0.0, 1.0,  		1.0,  0.0,  0.0,	// Node 2
	// // Face 1: (right side)
	// 0.0, 0.0, sq2, 1.0,			1.0, 	1.0,	1.0,	// Node 0
    //  0.0,  1.0, 0.0, 1.0,  		1.0,  0.0,  0.0,	// Node 2
    // -c30, -0.5, 0.0, 1.0, 		0.0,  1.0,  0.0, 	// Node 3
    // // Face 2: (lower side)
	// 	 0.0,	 0.0, sq2, 1.0,			1.0, 	1.0,	1.0,	// Node 0 
    // -c30, -0.5, 0.0, 1.0, 		0.0,  1.0,  0.0, 	// Node 3
    //  c30, -0.5, 0.0, 1.0, 		0.0,  0.0,  1.0, 	// Node 1 
    // // Face 3: (base side)  
    // -c30, -0.5,  0.0, 1.0, 		0.0,  1.0,  0.0, 	// Node 3
    //  0.0,  1.0,  0.0, 1.0,  	1.0,  0.0,  0.0,	// Node 2
    //  c30, -0.5,  0.0, 1.0, 		0.0,  0.0,  1.0, 	// Node 1



    

	 //  //front 
	 0.0, 1.0, 0.0,  	0.0,0.28,0.73,	// Node 1
	0.0 , 0.0, 0.0, 	1.0, 0.0, 0.0,	// Node 2
	0.25, 0.0, 0.0, 	0.13,1.0,0.0,	// Node 3

	0.0, 1.0, 0.0,  	0.0,0.28,0.73,	// Node 1
	0.25, 1.0, 0.0, 	1.0,0.57,0.01,	// Node 7
	0.25, 0.0, 0.0, 	0.13,1.0,0.0,	// Node 3

	0.25, 0.0, 0.0, 	0.13,1.0,0.0,	// Node 3
	0.25, 0.25, 0.0, 	0.23,0.48,0.34,	// Node 6
	0.75, 0.0, 0.0, 	0.40,0.50,1.00,	// Node 4

	0.25, 0.25, 0.0, 	0.23,0.48,0.34,	// Node 6
	0.75, 0.25, 0.0, 	0.95,0.61,0.73,	// Node 5
	0.75, 0.0, 0.0, 	0.4,0.5,1.0,	// Node 4

	//Back
	0.0, 1.0, -0.25, 	0.4,1.0,0.4,	// Node 9
	0.0, 0.0, -0.25, 	0.7,1.00,1.0,	// Node 10
	0.25, 0.0, -0.25, 	1.0,0.85,0.7,	// Node 11

	0.0, 1.0, -0.25, 	0.4,1.0,0.4,	// Node 9
	0.25, 1.0, -0.25, 	1.0,0.0,1.0,	// Node 8
	0.25, 0.0, -0.25, 	1.0,0.85,0.7,	// Node 11

	0.25, 0.0, -0.25, 	1.00,0.85,0.70,	// Node 11
	0.25, 0.25, -0.25, 	1.00,0.70,0.70,	// Node 14
	0.75, 0.0, -0.25, 	1.00,0.40,0.40,	// Node 12

	0.25, 0.25, -0.25, 	1.00,0.70,0.70,	// Node 14
	0.75, 0.25, -0.25, 	1.00,0.55,0.10,	// Node 13
	0.75, 0.0, -0.25, 	1.00,0.40,0.40,	// Node 12

	//top
	0.0, 1.0, 0.0,  	0.0,0.28,0.73,	// Node 1
	0.0, 1.0, -0.25, 	0.40,1.00,0.40,	// Node 9
	0.25, 1.0, 0.0, 	1.00,0.57,0.01,	// Node 7

	0.0, 1.0, -0.25, 	0.40,1.00,0.40,	// Node 9
	0.25, 1.0, -0.25, 	1.00,0.00,1.00,	// Node 8
	0.25, 1.0, 0.0, 	1.00,0.57,0.01,	// Node 7

	//right
	0.25, 1.0, 0.0, 	1.00,0.57,0.01,	// Node 7
	0.25, 0.25, 0.0, 	0.23,0.48,0.34,	// Node 6
	0.25, 0.25, -0.25, 	1.00,0.70,0.70,	// Node 14

	0.25, 1.0, 0.0, 	1.00,0.57,0.01,	// Node 7
	0.25, 1.0, -0.25, 	1.00,0.00,1.00,	// Node 8
	0.25, 0.25, -0.25, 	1.00,0.70,0.70,	// Node 14

	//top
	0.25, 0.25, 0.0, 	0.23,0.48,0.34,	// Node 6
	0.25, 0.25, -0.25, 	1.00,0.70,0.70,	// Node 14
	0.75, 0.25, 0.0, 	0.95,0.61,0.73,	// Node 5

	0.25, 0.25, -0.25, 	1.00,0.70,0.70,	// Node 14
	0.75, 0.25, -0.25, 	1.00,0.55,0.10,	// Node 13
	0.75, 0.25, 0.0, 	0.95,0.61,0.73,	// Node 5

	//right
	0.75, 0.0, 0.0, 	0.40,0.50,1.00,	// Node 4
	0.75, 0.25, 0.0, 	0.95,0.61,0.73,	// Node 5
	0.75, 0.0, -0.25, 	1.00,0.40,0.40,	// Node 12

	0.75, 0.25, 0.0, 	0.95,0.61,0.73,	// Node 5
	0.75, 0.25, -0.25, 	1.00,0.55,0.10,	// Node 13
	0.75, 0.0, -0.25, 	1.00,0.40,0.40,	// Node 12

	//bottom
	0.75, 0.0, -0.25, 	1.00,0.40,0.40,	// Node 12
	0.0, 0.0, -0.25, 	0.70,1.00,1.00,	// Node 10
	0.75, 0.0, 0.0, 	0.40,0.50,1.00,	// Node 4

	0.0, 0.0, -0.25, 	0.70,1.00,1.00,	// Node 10
	0.0 , 0.0, 0.0, 	1.0, 0.0, 0.0,	// Node 2
	0.75, 0.0, 0.0, 	0.40,0.50,1.00,	// Node 4

	//left
	0.0 , 0.0, 0.0, 	1.0, 0.0, 0.0,	// Node 2
	0.0, 1.0, 0.0,  	0.0,0.28,0.73,	// Node 1
	0.0, 0.0, -0.25, 	0.70,1.00,1.00,	// Node 10

	0.0, 1.0, 0.0,  	0.0,0.28,0.73,	// Node 1
	0.0, 1.0, -0.25, 	0.40,1.00,0.40,	// Node 9
	0.0, 0.0, -0.25, 	0.70,1.00,1.00,	// Node 10
	 //Vertices for L
	 	  //Vertices for L
	0.0, 1.0, 0.0,  	0.0,0.28,0.73,	// Node 1
	0.0 , 0.0, 0.0, 	1.0, 0.0, 0.0,	// Node 2
	0.25, 0.0, 0.0, 	0.13,1.0,0.0,	// Node 3
	0.75, 0.0, 0.0, 	0.40,0.50,1.00,	// Node 4
	0.75, 0.25, 0.0, 	0.95,0.61,0.73,	// Node 5
	0.25, 0.25, 0.0, 	0.23,0.48,0.34,	// Node 6
	0.25, 1.0, 0.0, 	1.00,0.57,0.01,	// Node 7
	0.25, 1.0, -0.25, 	1.00,0.00,1.00,	// Node 8
	0.0, 1.0, -0.25, 	0.40,1.00,0.40,	// Node 9
	0.0, 0.0, -0.25, 	0.70,1.00,1.00,	// Node 10
	0.25, 0.0, -0.25, 	1.00,0.85,0.70,	// Node 11
	0.75, 0.0, -0.25, 	1.00,0.40,0.40,	// Node 12
	0.75, 0.25, -0.25, 	1.00,0.55,0.10,	// Node 13
	0.25, 0.25, -0.25, 	1.00,0.70,0.70,	// Node 14


	0.0, 1.0, 0.0,  	// Node 1
	0.0 , 0.0, 0.0, 	// Node 2
	0.25, 0.0, 0.0, 	// Node 3
	0.75, 0.0, 0.0, 	// Node 4
	0.75, 0.25, 0.0, 	// Node 5
	0.25, 0.25, 0.0, 	// Node 6
	0.25, 1.0, 0.0, 	// Node 7
	0.25, 1.0, -0.25, 	// Node 8
	0.0, 1.0, -0.25, 	// Node 9
	0.0, 0.0, -0.25, 	// Node 10
	0.25, 0.0, -0.25, 	// Node 11
	0.75, 0.0, -0.25, 	// Node 12
	0.75, 0.25, -0.25, 	// Node 13
	0.25, 0.25, -0.25, 	// Node 14







	//Vertices for hexagonal prism
	-0.5, 2.0, 0.0, 1.0, 	// Node 1
	 0.5, 2.0, 0.0, 1.0,	// Node 2
	-0.5, 0.0, 0.0, 1.0,	// Node 3
	0.5, 0.0, 0.0, 1.0,  	// Node 4
	1.0, 2.0, -0.75, 1.0, 	// Node 5
	1.0, 0.0, -0.75,1.0,  	// Node 6
	0.5, 2.0, -1.5,1.0, 	// Node 7
	0.5, 0.0, -1.5,1.0,  	// Node 8
 	-0.5, 2.0, -1.5,1.0, 	// Node 9
	-0.5, 0.0, -1.5, 1.0, 	// Node 10
	-1.0, 2.0, -0.75,1.0, 	// Node 11
	-1.0, 0.0, -0.75,1.0, 	// Node 12

	//Vertices for hexagonal pyramid
	-0.5, 0.0, 0.0,1.0, 	0.13,1.00,0.00, // Node 1
	0.5, 0.0, 0.0,  1.0,	1.00,0.55,0.10, // Node 2
	1.0, 0.0, -0.75,1.0,  	0.40,1.00,0.40, // Node 3
	0.5, 0.0, -1.5, 1.0, 	0.23,0.48,0.34, // Node 4
	-0.5, 0.0, -1.5, 1.0, 	1.00,0.40,0.40, // Node 5
	-1.0, 0.0, -0.75, 1.0,	1.00,0.93,0.00, // Node 6
	0.0, 2.0, -0.75,1.0, 	0.70,1.00,1.00, // Node 7

	-0.5, 0.0, 0.0,1.0, 	0.13,1.00,0.00, // Node 1
	0.5, 0.0, 0.0,  1.0,	1.00,0.55,0.10, // Node 2
	0.0, 2.0, -0.75,1.0, 	0.70,1.00,1.00, // Node 7

	0.0, 2.0, -0.75,1.0, 	0.70,1.00,1.00, // Node 7
	0.5, 0.0, 0.0,  1.0,	1.00,0.55,0.10, // Node 2
	1.0, 0.0, -0.75,1.0,  	0.40,1.00,0.40, // Node 3

	1.0, 0.0, -0.75,1.0,  	0.40,1.00,0.40, // Node 3
	0.0, 2.0, -0.75,1.0, 	0.70,1.00,1.00, // Node 7
	0.5, 0.0, -1.5, 1.0, 	0.23,0.48,0.34, // Node 4

	0.5, 0.0, -1.5, 1.0, 	0.23,0.48,0.34, // Node 4
	0.0, 2.0, -0.75,1.0, 	0.70,1.00,1.00, // Node 7
	-0.5, 0.0, -1.5, 1.0, 	1.00,0.40,0.40, // Node 5

	-0.5, 0.0, -1.5, 1.0, 	1.00,0.40,0.40, // Node 5
	0.0, 2.0, -0.75,1.0, 	0.70,1.00,1.00, // Node 7
	-1.0, 0.0, -0.75, 1.0,	1.00,0.93,0.00, // Node 6

	-1.0, 0.0, -0.75, 1.0,	1.00,0.93,0.00, // Node 6
	0.0, 2.0, -0.75,1.0, 	0.70,1.00,1.00, // Node 7
	-0.5, 0.0, 0.0,1.0, 	0.13,1.00,0.00, // Node 1